2 0.107422 0.563151 0.048828 0.029948
10 0.026367 0.615885 0.035156 0.023438
10 0.073730 0.616536 0.040039 0.022135
10 0.211914 0.658854 0.048828 0.026042
4 0.227539 0.559896 0.089844 0.031250
0 0.266113 0.600260 0.038086 0.020833
0 0.296875 0.595703 0.039063 0.027344
0 0.340820 0.606120 0.031250 0.035156
1 0.392090 0.583333 0.047852 0.028646
1 0.390137 0.612630 0.057617 0.032552
10 0.448242 0.552734 0.052734 0.029948
10 0.458496 0.605469 0.053711 0.028646
2 0.509277 0.610026 0.038086 0.027344
1 0.491699 0.583333 0.051758 0.028646
1 0.572754 0.602865 0.065430 0.036458
1 0.666016 0.602865 0.050781 0.031250
1 0.625000 0.578125 0.058594 0.028646
0 0.584473 0.546875 0.038086 0.023438
1 0.890625 0.538411 0.060547 0.032552
0 0.739746 0.582031 0.043945 0.026042
0 0.781250 0.584635 0.039063 0.031250
0 0.542969 0.517578 0.037109 0.024740
0 0.591797 0.516276 0.037109 0.027344
10 0.625000 0.514974 0.035156 0.024740
0 0.665039 0.513021 0.039063 0.026042
0 0.726563 0.513021 0.042969 0.028646
0 0.833984 0.509766 0.042969 0.029948
0 0.434082 0.521484 0.038086 0.024740
10 0.767090 0.509766 0.034180 0.027344
10 0.798828 0.507161 0.033203 0.032552