4 0.560059 0.037109 0.114258 0.040365
4 0.536621 0.078125 0.112305 0.049479
4 0.509277 0.116536 0.118164 0.045573
4 0.444336 0.194661 0.111328 0.045573
4 0.386230 0.264974 0.108398 0.050781
4 0.326660 0.352865 0.114258 0.046875
4 0.267090 0.432292 0.112305 0.044271
4 0.229492 0.473307 0.083984 0.037760
4 0.195313 0.511068 0.109375 0.040365
4 0.173828 0.554036 0.111328 0.042969
4 0.384766 0.582031 0.027344 0.101563
0 0.359375 0.764974 0.046875 0.058594
2 0.301758 0.811849 0.048828 0.061198
4 0.619141 0.289714 0.033203 0.167969
4 0.561035 0.392578 0.028320 0.149740
4 0.526855 0.427734 0.028320 0.157552
4 0.465820 0.513021 0.033203 0.169271
4 0.467285 0.688151 0.034180 0.149740
2 0.525391 0.611328 0.029297 0.097656
4 0.499512 0.647786 0.032227 0.100260
4 0.616211 0.488932 0.031250 0.157552
4 0.646973 0.454427 0.028320 0.151042
4 0.701660 0.379557 0.038086 0.154948
4 0.768066 0.292969 0.036133 0.148438
4 0.733398 0.326823 0.031250 0.127604
4 0.862793 0.524740 0.114258 0.041667
4 0.772461 0.637370 0.111328 0.045573
4 0.743164 0.681641 0.117188 0.045573
4 0.714355 0.723958 0.096680 0.039063
4 0.650879 0.801432 0.116211 0.042969
4 0.623047 0.843750 0.113281 0.041667
2 0.559082 0.951172 0.051758 0.035156
2 0.763184 0.784505 0.051758 0.055990
0 0.179199 0.078776 0.043945 0.053385
0 0.152344 0.041016 0.044922 0.042969
0 0.136719 0.021484 0.039063 0.040365
0 0.055176 0.083984 0.040039 0.055990
0 0.028320 0.125651 0.042969 0.053385
0 0.073730 0.103516 0.040039 0.053385
0 0.072266 0.182292 0.035156 0.052083
0 0.042480 0.146484 0.043945 0.053385
0 0.057617 0.164063 0.033203 0.041667
0 0.114746 0.165365 0.040039 0.049479
0 0.084961 0.208333 0.039063 0.052083