14 0.166992 0.029297 0.076172 0.040365
14 0.259766 0.156901 0.060547 0.035156
14 0.260742 0.214193 0.058594 0.037760
14 0.265137 0.386719 0.053711 0.031250
14 0.173340 0.251302 0.075195 0.049479
14 0.180176 0.309245 0.065430 0.040365
14 0.183105 0.395182 0.071289 0.048177
14 0.121582 0.616536 0.061523 0.037760
14 0.114258 0.705729 0.074219 0.049479
14 0.125977 0.761068 0.052734 0.045573
14 0.216309 0.742188 0.079102 0.046875
14 0.215820 0.781901 0.083984 0.045573
14 0.216309 0.822266 0.081055 0.042969
14 0.219727 0.856771 0.080078 0.033854
14 0.433105 0.880208 0.098633 0.054688
14 0.431152 0.727214 0.104492 0.055990
14 0.506348 0.495443 0.104492 0.053385
14 0.633301 0.485026 0.098633 0.053385
14 0.612305 0.347005 0.097656 0.048177
14 0.480957 0.363281 0.098633 0.057292
14 0.479004 0.282552 0.077148 0.049479
14 0.632324 0.257813 0.100586 0.054688
14 0.446289 0.057943 0.050781 0.032552
14 0.446777 0.143880 0.047852 0.029948
14 0.375977 0.063151 0.046875 0.035156
14 0.378418 0.147786 0.045898 0.035156
14 0.373047 0.009766 0.056641 0.019531