2 0.958008 0.059245 0.064453 0.082031
4 0.843262 0.628255 0.104492 0.134115
1 0.781738 0.780599 0.036133 0.157552
2 0.718262 0.645182 0.034180 0.123698
2 0.681152 0.611979 0.034180 0.122396
2 0.642090 0.557292 0.034180 0.122396
2 0.605469 0.511719 0.033203 0.122396
2 0.329102 0.152344 0.033203 0.119792
2 0.368652 0.195964 0.036133 0.118490
2 0.406738 0.246094 0.034180 0.119792
2 0.442871 0.292969 0.034180 0.125000
2 0.475586 0.332031 0.035156 0.119792
2 0.515625 0.381510 0.033203 0.122396
2 0.549316 0.419271 0.040039 0.122396
2 0.269043 0.186198 0.084961 0.049479
2 0.304688 0.241536 0.089844 0.042969
2 0.363770 0.326172 0.088867 0.042969
2 0.407227 0.375000 0.087891 0.041667
2 0.463379 0.462240 0.086914 0.041667
2 0.497559 0.501953 0.088867 0.035156
2 0.538574 0.544922 0.086914 0.040365
2 0.583008 0.606120 0.087891 0.042969
2 0.608887 0.646484 0.088867 0.045573
2 0.676758 0.734375 0.089844 0.054688
0 0.445313 0.660807 0.029297 0.079427
0 0.674316 0.904948 0.030273 0.065104
0 0.617676 0.880208 0.032227 0.078125
2 0.154297 0.438802 0.033203 0.080729
0 0.190430 0.385417 0.031250 0.078125
0 0.248047 0.522786 0.031250 0.074219
0 0.279297 0.540365 0.027344 0.078125
0 0.326660 0.619792 0.028320 0.075521
0 0.335938 0.548177 0.031250 0.083333
0 0.362305 0.587891 0.031250 0.076823
0 0.249023 0.446615 0.029297 0.085938
0 0.219727 0.419922 0.029297 0.087240