4 0.697754 0.500651 0.163086 0.069010
4 0.100586 0.205078 0.052734 0.217448
4 0.160645 0.221354 0.051758 0.197917
4 0.274414 0.202474 0.046875 0.220052
4 0.315430 0.227865 0.050781 0.195313
10 0.215332 0.238281 0.049805 0.156250
10 0.365723 0.238932 0.045898 0.147135
4 0.417969 0.152344 0.046875 0.195313
4 0.464844 0.170573 0.054688 0.234375
2 0.077148 0.569010 0.046875 0.098958
2 0.204590 0.573568 0.038086 0.087240
2 0.326172 0.572266 0.033203 0.074219
2 0.440918 0.563151 0.030273 0.074219
2 0.467285 0.550781 0.036133 0.093750
0 0.500488 0.526693 0.030273 0.071615
2 0.500488 0.625651 0.028320 0.066406
0 0.497070 0.692057 0.035156 0.066406
2 0.512207 0.770833 0.049805 0.057292
0 0.716797 0.748047 0.048828 0.042969
2 0.654297 0.863281 0.070313 0.052083