1 0.769531 0.168620 0.107422 0.097656
10 0.790527 0.232422 0.106445 0.100260
4 0.800781 0.300130 0.125000 0.100260
1 0.815430 0.389323 0.113281 0.104167
3 0.754883 0.391276 0.091797 0.102865
1 0.843750 0.457031 0.113281 0.104167
1 0.836914 0.514323 0.115234 0.135417
1 0.826172 0.582682 0.117188 0.128906
10 0.718262 0.699870 0.053711 0.095052
10 0.788086 0.661458 0.060547 0.098958
10 0.752441 0.680990 0.061523 0.101563
2 0.659668 0.458984 0.041992 0.087240
2 0.634277 0.464844 0.036133 0.085938
2 0.607422 0.467448 0.033203 0.088542
2 0.584473 0.471354 0.032227 0.093750
2 0.557129 0.475911 0.034180 0.089844
2 0.529297 0.477214 0.033203 0.089844
2 0.501953 0.479818 0.033203 0.092448
2 0.474121 0.479167 0.030273 0.091146
2 0.448730 0.481771 0.032227 0.091146
2 0.418945 0.482422 0.035156 0.092448
2 0.381348 0.489583 0.036133 0.093750
2 0.351563 0.494792 0.033203 0.091146
2 0.322266 0.492188 0.035156 0.088542
2 0.292969 0.496745 0.035156 0.092448
2 0.268066 0.497396 0.034180 0.091146
2 0.239258 0.499349 0.037109 0.095052
2 0.571289 0.368490 0.033203 0.088542
2 0.545410 0.371745 0.030273 0.089844
2 0.518066 0.373698 0.030273 0.093750
2 0.465332 0.381510 0.036133 0.091146
2 0.436035 0.380208 0.034180 0.093750
2 0.407227 0.382161 0.035156 0.092448
10 0.375000 0.384766 0.039063 0.092448
2 0.342773 0.386719 0.033203 0.091146
2 0.315430 0.388672 0.035156 0.092448
2 0.287598 0.397135 0.036133 0.109375
2 0.260254 0.406901 0.040039 0.108073
2 0.114258 0.340495 0.039063 0.102865
2 0.146973 0.800130 0.061523 0.040365
2 0.074707 0.800130 0.061523 0.040365
1 0.029785 0.870443 0.051758 0.061198
2 0.612793 0.734375 0.034180 0.075521
2 0.585938 0.733724 0.035156 0.076823
2 0.562500 0.738932 0.033203 0.076823
2 0.539551 0.744141 0.030273 0.071615
2 0.512695 0.750651 0.031250 0.066406
2 0.486816 0.753255 0.030273 0.076823
2 0.463867 0.753255 0.031250 0.076823
2 0.414551 0.767578 0.034180 0.071615
2 0.391113 0.774089 0.032227 0.074219
2 0.367188 0.777344 0.027344 0.075521
2 0.341309 0.692708 0.030273 0.072917
2 0.318359 0.698568 0.029297 0.076823
2 0.291992 0.699219 0.031250 0.080729
2 0.268066 0.695313 0.028320 0.078125
2 0.266602 0.764323 0.035156 0.085938
0 0.107422 0.429688 0.050781 0.041667
0 0.225586 0.110026 0.039063 0.066406
2 0.200195 0.036458 0.033203 0.072917
2 0.145020 0.050130 0.061523 0.079427
0 0.166504 0.372396 0.049805 0.067708
2 0.166016 0.325521 0.056641 0.065104
10 0.162109 0.277995 0.062500 0.082031
10 0.161133 0.233073 0.070313 0.080729
10 0.152832 0.189453 0.065430 0.084635
10 0.151367 0.147135 0.064453 0.075521
2 0.147461 0.097656 0.062500 0.083333