14 0.056152 0.127604 0.051758 0.070313
14 0.108887 0.195964 0.041992 0.061198
14 0.159180 0.248698 0.052734 0.072917
14 0.288574 0.422526 0.049805 0.063802
14 0.355469 0.499349 0.054688 0.063802
14 0.405273 0.562500 0.064453 0.078125
14 0.464844 0.631510 0.052734 0.070313
14 0.395996 0.359375 0.166992 0.197917
14 0.510742 0.328776 0.056641 0.079427
14 0.569336 0.398438 0.054688 0.078125
14 0.664551 0.535156 0.047852 0.062500
14 0.617188 0.460938 0.044922 0.059896
14 0.710938 0.591146 0.041016 0.070313
14 0.721191 0.672526 0.059570 0.074219
14 0.626953 0.838542 0.042969 0.062500
14 0.833496 0.817708 0.049805 0.072917
14 0.941406 0.904948 0.056641 0.065104
14 0.285645 0.054036 0.092773 0.108073