3 0.175293 0.377604 0.145508 0.072917
1 0.675293 0.717448 0.063477 0.109375
3 0.855957 0.055990 0.122070 0.080729
3 0.845215 0.078125 0.124023 0.078125
3 0.832520 0.098958 0.127930 0.085938
1 0.773926 0.123047 0.077148 0.055990
3 0.725098 0.130208 0.124023 0.078125
3 0.669434 0.136719 0.122070 0.083333
3 0.627930 0.144531 0.121094 0.085938
3 0.600586 0.157552 0.123047 0.088542
3 0.550293 0.160156 0.125977 0.088542
3 0.527832 0.180990 0.124023 0.085938
3 0.479004 0.188802 0.120117 0.088542
3 0.442383 0.198568 0.121094 0.087240
3 0.414551 0.217448 0.122070 0.085938
3 0.338867 0.245443 0.121094 0.087240
3 0.283691 0.251302 0.120117 0.091146
3 0.248047 0.264323 0.123047 0.088542
3 0.163574 0.284505 0.120117 0.097656
3 0.128906 0.302083 0.115234 0.088542
3 0.082031 0.313802 0.121094 0.091146
1 0.881836 0.243490 0.078125 0.070313
1 0.855957 0.259766 0.077148 0.058594
1 0.849609 0.292969 0.074219 0.067708
1 0.784668 0.253255 0.069336 0.063802
1 0.764648 0.271484 0.074219 0.053385
1 0.782715 0.321615 0.067383 0.059896
1 0.687988 0.300130 0.065430 0.053385
1 0.702637 0.347005 0.065430 0.050781
3 0.630859 0.333333 0.136719 0.109375
1 0.571289 0.333984 0.060547 0.058594
1 0.623047 0.373047 0.060547 0.058594
3 0.544434 0.360026 0.131836 0.108073
3 0.421875 0.403646 0.128906 0.106771
3 0.383789 0.419922 0.125000 0.113281
1 0.326660 0.468750 0.079102 0.083333
1 0.268555 0.470052 0.080078 0.075521
3 0.212402 0.472656 0.131836 0.111979
3 0.159180 0.484375 0.117188 0.106771
3 0.114746 0.498698 0.120117 0.119792
3 0.073730 0.520833 0.124023 0.122396
3 0.544922 0.745443 0.103516 0.199219
1 0.594238 0.727865 0.067383 0.122396
1 0.635742 0.718099 0.052734 0.108073