0 0.307129 0.074870 0.065430 0.089844
1 0.282715 0.117839 0.100586 0.128906
1 0.381348 0.214193 0.100586 0.126302
1 0.422363 0.251302 0.094727 0.138021
0 0.604492 0.080729 0.062500 0.085938
2 0.709961 0.210938 0.076172 0.106771
0 0.648438 0.547526 0.074219 0.089844
0 0.328613 0.533854 0.065430 0.085938
2 0.361328 0.595052 0.087891 0.111979
1 0.317383 0.689453 0.103516 0.141927
3 0.224121 0.784505 0.116211 0.139323
0 0.492188 0.764974 0.060547 0.082031
2 0.799805 0.789714 0.091797 0.115885
1 0.747559 0.891276 0.106445 0.134115
0 0.712891 0.935547 0.068359 0.095052
0 0.508301 0.391276 0.057617 0.087240