3 0.615723 0.069010 0.221680 0.067708
3 0.563965 0.140625 0.223633 0.067708
3 0.533691 0.209635 0.219727 0.062500
3 0.513184 0.278646 0.194336 0.057292
3 0.491211 0.348307 0.218750 0.061198
3 0.450684 0.411458 0.223633 0.065104
3 0.431152 0.483724 0.225586 0.066406
3 0.402344 0.549479 0.220703 0.065104
3 0.380859 0.616536 0.222656 0.063802
3 0.335938 0.686849 0.224609 0.076823
3 0.313965 0.761068 0.219727 0.069010
3 0.279297 0.831380 0.226563 0.071615
3 0.814453 0.615234 0.138672 0.279948
3 0.783203 0.702474 0.144531 0.272135
3 0.747070 0.762370 0.142578 0.274740
3 0.712891 0.820313 0.148438 0.276042