14 0.165527 0.088542 0.094727 0.078125
14 0.066895 0.287109 0.090820 0.071615
14 0.073242 0.339193 0.105469 0.087240
14 0.085938 0.388672 0.105469 0.082031
14 0.101074 0.442708 0.106445 0.088542
14 0.118164 0.493490 0.099609 0.080729
14 0.135742 0.586589 0.103516 0.092448
14 0.165039 0.624349 0.091797 0.084635
14 0.179688 0.667318 0.083984 0.071615
14 0.180664 0.736979 0.107422 0.088542
14 0.198242 0.787109 0.101563 0.087240
14 0.195313 0.206380 0.091797 0.071615
14 0.205566 0.259766 0.084961 0.071615
14 0.230469 0.343099 0.097656 0.074219
14 0.246094 0.430990 0.078125 0.062500
14 0.275391 0.505208 0.083984 0.067708
14 0.280762 0.559245 0.073242 0.066406
14 0.300781 0.596354 0.082031 0.070313
14 0.316895 0.630859 0.081055 0.066406
14 0.339844 0.756510 0.074219 0.070313
14 0.355957 0.809245 0.077148 0.071615
14 0.438965 0.152344 0.075195 0.065104
14 0.450195 0.189453 0.085938 0.071615
14 0.478027 0.317057 0.088867 0.074219
14 0.503906 0.347005 0.080078 0.058594
14 0.523438 0.425130 0.083984 0.066406
14 0.530762 0.474609 0.077148 0.066406
14 0.545898 0.509766 0.076172 0.061198
14 0.551270 0.555339 0.086914 0.066406
14 0.561523 0.597656 0.101563 0.088542
14 0.577148 0.638021 0.087891 0.067708
14 0.570801 0.695313 0.122070 0.096354
14 0.594727 0.735026 0.099609 0.079427
14 0.603516 0.787109 0.111328 0.084635
14 0.620117 0.824870 0.097656 0.079427
14 0.643555 0.916667 0.113281 0.080729
14 0.543457 0.055339 0.071289 0.058594
14 0.555176 0.091797 0.077148 0.061198
14 0.590332 0.208984 0.077148 0.063802
14 0.606934 0.249349 0.075195 0.069010
14 0.629883 0.328125 0.080078 0.062500
14 0.658203 0.408203 0.097656 0.069010
14 0.664063 0.445313 0.087891 0.067708
14 0.674805 0.492188 0.089844 0.062500
14 0.704102 0.567708 0.091797 0.067708
14 0.724121 0.654297 0.088867 0.066406
14 0.735840 0.735677 0.079102 0.054688
14 0.757813 0.772135 0.093750 0.062500
14 0.764160 0.823568 0.094727 0.055990
14 0.787598 0.855469 0.094727 0.059896
14 0.791016 0.889974 0.089844 0.055990
14 0.808594 0.106120 0.095703 0.061198
14 0.832520 0.188802 0.086914 0.067708
14 0.855469 0.218750 0.078125 0.059896
14 0.878418 0.298177 0.077148 0.057292
14 0.879883 0.351563 0.085938 0.067708
14 0.893066 0.385417 0.092773 0.057292
14 0.916504 0.466797 0.090820 0.066406
14 0.942871 0.546875 0.084961 0.067708
14 0.955078 0.587891 0.087891 0.074219
14 0.957520 0.634766 0.084961 0.071615
14 0.955566 0.114583 0.086914 0.067708
14 0.960938 0.167318 0.078125 0.069010
14 0.940430 0.035156 0.101563 0.070313