2 0.696289 0.047526 0.089844 0.061198
2 0.577148 0.038411 0.085938 0.058594
2 0.502441 0.097005 0.075195 0.089844
2 0.425781 0.125651 0.078125 0.084635
2 0.536621 0.134115 0.077148 0.091146
2 0.568848 0.170573 0.079102 0.098958
2 0.595703 0.216797 0.076172 0.100260
2 0.625977 0.260417 0.068359 0.101563
2 0.651367 0.300781 0.070313 0.106771
2 0.688965 0.334635 0.075195 0.111979
2 0.716797 0.373698 0.074219 0.117188
2 0.756836 0.406901 0.068359 0.115885
2 0.794434 0.419922 0.069336 0.108073
2 0.405762 0.259766 0.073242 0.102865
2 0.435059 0.305990 0.071289 0.109375
2 0.468262 0.350260 0.075195 0.101563
2 0.497070 0.384766 0.070313 0.100260
2 0.529297 0.426432 0.078125 0.110677
2 0.553223 0.465495 0.071289 0.100260
2 0.582520 0.520182 0.079102 0.105469
2 0.674316 0.490885 0.079102 0.104167
2 0.611816 0.580078 0.073242 0.097656
2 0.703613 0.521484 0.071289 0.108073
2 0.808105 0.524740 0.053711 0.104167
2 0.755859 0.522786 0.074219 0.105469
2 0.746582 0.733724 0.075195 0.092448
2 0.712402 0.702474 0.077148 0.100260
2 0.681641 0.662109 0.074219 0.102865
2 0.645996 0.617839 0.081055 0.102865
2 0.322266 0.326172 0.080078 0.108073
2 0.344727 0.371745 0.082031 0.095052
2 0.384766 0.407552 0.087891 0.098958
2 0.228516 0.401693 0.076172 0.102865
2 0.264160 0.445313 0.069336 0.093750
2 0.298340 0.488932 0.086914 0.113281
2 0.329590 0.514323 0.075195 0.109375
2 0.363770 0.557943 0.069336 0.100260
2 0.391602 0.589844 0.074219 0.096354
2 0.414063 0.630859 0.076172 0.105469
2 0.442871 0.675130 0.081055 0.100260
2 0.468262 0.716146 0.073242 0.093750
2 0.415527 0.453125 0.075195 0.104167
2 0.452637 0.483724 0.075195 0.100260
2 0.472656 0.542969 0.072266 0.096354
2 0.508789 0.569010 0.083984 0.104167