0 0.149902 0.236328 0.110352 0.131510
0 0.114258 0.302734 0.115234 0.134115
0 0.083496 0.367839 0.108398 0.144531
2 0.874023 0.247396 0.140625 0.169271
2 0.649414 0.625651 0.134766 0.183594
2 0.557129 0.849609 0.161133 0.222656
2 0.443359 0.749349 0.115234 0.154948
2 0.256348 0.564453 0.102539 0.157552
0 0.307129 0.604167 0.092773 0.132813
0 0.351074 0.645833 0.100586 0.130208
0 0.389160 0.712891 0.090820 0.123698
0 0.461426 0.592448 0.092773 0.130208
0 0.422852 0.540365 0.095703 0.135417
0 0.379883 0.492188 0.089844 0.132813
0 0.338867 0.434245 0.091797 0.152344
0 0.554688 0.059245 0.095703 0.115885
0 0.600098 0.103516 0.106445 0.128906
0 0.650391 0.145182 0.105469 0.144531
0 0.691406 0.210938 0.097656 0.135417
0 0.737305 0.259766 0.089844 0.134115
0 0.790527 0.307292 0.090820 0.130208
0 0.843262 0.365234 0.094727 0.134115
0 0.665527 0.378906 0.092773 0.143229
0 0.577637 0.264974 0.102539 0.144531
0 0.526367 0.225260 0.095703 0.140625
0 0.475586 0.176432 0.105469 0.152344
0 0.764648 0.477214 0.087891 0.139323