4 0.245117 0.263672 0.085938 0.394531
0 0.178223 0.807292 0.061523 0.151042
0 0.957031 0.121745 0.085938 0.147135
0 0.893066 0.193359 0.124023 0.128906
0 0.849609 0.267578 0.123047 0.118490
0 0.905762 0.550130 0.092773 0.157552
0 0.770508 0.398438 0.115234 0.122396
0 0.733398 0.460286 0.101563 0.134115
0 0.761230 0.741536 0.122070 0.082031
0 0.795410 0.824219 0.125977 0.067708
0 0.833008 0.904948 0.121094 0.070313
0 0.684570 0.898438 0.080078 0.148438
0 0.646973 0.794922 0.088867 0.147135
0 0.631348 0.548828 0.071289 0.152344
0 0.572266 0.574219 0.066406 0.153646
0 0.525879 0.733724 0.067383 0.157552
0 0.458496 0.591146 0.108398 0.085938
0 0.440430 0.672526 0.117188 0.076823
0 0.429688 0.753906 0.119141 0.072917
0 0.419434 0.831380 0.118164 0.082031
0 0.417480 0.914063 0.110352 0.067708
0 0.957520 0.412760 0.084961 0.153646