0 0.918457 0.221354 0.133789 0.132813
0 0.934570 0.298828 0.125000 0.108073
0 0.771973 0.156901 0.100586 0.178385
0 0.702637 0.121094 0.090820 0.182292
0 0.616211 0.143880 0.089844 0.183594
2 0.540039 0.171224 0.105469 0.199219
0 0.455078 0.196615 0.078125 0.177083
0 0.360352 0.251953 0.093750 0.178385
0 0.270996 0.282552 0.081055 0.179688
0 0.177246 0.351563 0.100586 0.197917
0 0.079590 0.408203 0.094727 0.186198
0 0.541992 0.337240 0.138672 0.111979
0 0.579102 0.513672 0.138672 0.141927
0 0.505859 0.570964 0.136719 0.139323
0 0.395508 0.601563 0.152344 0.156250
0 0.310059 0.645182 0.124023 0.131510
0 0.207031 0.677083 0.134766 0.151042
0 0.145020 0.739583 0.139648 0.145833
0 0.680664 0.680990 0.091797 0.184896
0 0.609863 0.718750 0.106445 0.203125
0 0.550293 0.761068 0.094727 0.199219
0 0.479980 0.791016 0.096680 0.188802
0 0.401855 0.817708 0.096680 0.184896
0 0.333008 0.853516 0.095703 0.194010
0 0.262695 0.885417 0.087891 0.179688
0 0.196289 0.916667 0.093750 0.166667