0 0.147461 0.102865 0.099609 0.101563
0 0.166016 0.167318 0.103516 0.108073
0 0.187988 0.238281 0.100586 0.109375
0 0.213379 0.308594 0.100586 0.106771
0 0.215332 0.402344 0.116211 0.091146
0 0.270020 0.451172 0.104492 0.110677
0 0.301758 0.514974 0.087891 0.092448
0 0.312988 0.593099 0.108398 0.110677
0 0.332520 0.664714 0.106445 0.113281
0 0.364258 0.742839 0.099609 0.100260
0 0.392090 0.805990 0.096680 0.098958
0 0.417969 0.873047 0.109375 0.108073
0 0.442871 0.942057 0.094727 0.095052
0 0.324707 0.251302 0.081055 0.143229
0 0.375000 0.212891 0.062500 0.136719
0 0.468750 0.166667 0.062500 0.117188
0 0.515625 0.139974 0.074219 0.134115
0 0.563965 0.100260 0.069336 0.127604
0 0.605469 0.063151 0.078125 0.126302
0 0.682129 0.244141 0.083008 0.154948
0 0.630371 0.261719 0.073242 0.148438
0 0.570801 0.295573 0.069336 0.145833
0 0.523926 0.326823 0.065430 0.117188
0 0.483398 0.376953 0.074219 0.141927
0 0.395508 0.407552 0.083984 0.151042
0 0.839844 0.692708 0.074219 0.151042
0 0.777344 0.718750 0.074219 0.143229
0 0.726563 0.733073 0.078125 0.138021
0 0.676758 0.762370 0.076172 0.134115
0 0.732910 0.577474 0.073242 0.134115
0 0.683594 0.602865 0.078125 0.143229
0 0.632813 0.637370 0.078125 0.134115
0 0.584961 0.665365 0.074219 0.143229
0 0.531250 0.694661 0.062500 0.118490
0 0.478027 0.706380 0.069336 0.121094