2 0.576172 0.312500 0.039063 0.125000
0 0.048828 0.283854 0.039063 0.098958
0 0.211426 0.282552 0.034180 0.091146
0 0.275879 0.290365 0.034180 0.080729
2 0.345215 0.281250 0.040039 0.096354
0 0.438965 0.285156 0.038086 0.093750
0 0.538086 0.278646 0.031250 0.083333
0 0.036133 0.606771 0.072266 0.054688
0 0.033691 0.650391 0.067383 0.050781
0 0.166504 0.593099 0.036133 0.084635
0 0.043945 0.785807 0.066406 0.048177
0 0.980957 0.483724 0.032227 0.097656
0 0.948730 0.486328 0.034180 0.097656
0 0.915039 0.489583 0.031250 0.083333
0 0.883789 0.488932 0.037109 0.095052
0 0.821289 0.485026 0.037109 0.100260
0 0.723145 0.487630 0.040039 0.089844
0 0.662598 0.486328 0.038086 0.089844
0 0.593262 0.490885 0.038086 0.104167
0 0.527832 0.490234 0.041992 0.100260
2 0.400391 0.484375 0.041016 0.114583
0 0.340820 0.489583 0.037109 0.104167
0 0.306152 0.490885 0.036133 0.101563
0 0.294434 0.579427 0.032227 0.093750
0 0.393066 0.585938 0.038086 0.091146
0 0.424316 0.585938 0.034180 0.091146
0 0.457031 0.586589 0.035156 0.084635
0 0.549805 0.578125 0.033203 0.091146
0 0.585938 0.582682 0.035156 0.089844
0 0.649902 0.576172 0.036133 0.097656
0 0.903809 0.574219 0.034180 0.088542
0 0.967285 0.581380 0.036133 0.097656
0 0.980957 0.778646 0.038086 0.101563
0 0.916504 0.783203 0.034180 0.092448
2 0.886230 0.782552 0.038086 0.106771
0 0.821777 0.778646 0.036133 0.088542
0 0.789063 0.783854 0.041016 0.106771
0 0.497559 0.782552 0.040039 0.101563
0 0.302246 0.789063 0.040039 0.093750
0 0.949707 0.899740 0.069336 0.049479
2 0.814941 0.897786 0.083008 0.058594
2 0.721191 0.902344 0.084961 0.062500
0 0.629395 0.908203 0.073242 0.053385
0 0.556152 0.905599 0.071289 0.048177
0 0.483398 0.906901 0.068359 0.055990
2 0.321777 0.918620 0.092773 0.058594
2 0.744629 0.962891 0.077148 0.053385