14 0.158203 0.095703 0.146484 0.071615
14 0.208984 0.186198 0.082031 0.046875
14 0.218750 0.223307 0.074219 0.045573
14 0.094238 0.227214 0.086914 0.048177
14 0.096680 0.276042 0.085938 0.049479
14 0.103516 0.325521 0.074219 0.044271
14 0.099609 0.376953 0.083984 0.045573
14 0.207031 0.378255 0.054688 0.040365
14 0.093262 0.418620 0.086914 0.050781
14 0.203125 0.455729 0.078125 0.041667
14 0.213379 0.500000 0.081055 0.049479
14 0.109863 0.531250 0.071289 0.057292
14 0.103516 0.601563 0.070313 0.046875
14 0.199219 0.590495 0.068359 0.048177
14 0.107422 0.638021 0.054688 0.044271
14 0.106934 0.761719 0.073242 0.057292
14 0.105957 0.808594 0.079102 0.049479
14 0.190430 0.718750 0.060547 0.041667
14 0.195313 0.751302 0.062500 0.059896
14 0.197754 0.867188 0.036133 0.083333
14 0.256836 0.884766 0.039063 0.110677
14 0.281738 0.865885 0.030273 0.085938
14 0.322754 0.874349 0.034180 0.089844
14 0.279297 0.748698 0.035156 0.088542
14 0.317383 0.729818 0.035156 0.113281
14 0.343750 0.734375 0.039063 0.114583
14 0.402344 0.747396 0.039063 0.093750
14 0.433594 0.895182 0.039063 0.141927
14 0.460449 0.877604 0.040039 0.111979
14 0.539551 0.889323 0.032227 0.140625
14 0.592285 0.869141 0.030273 0.089844
14 0.623535 0.871094 0.038086 0.088542
14 0.490723 0.754557 0.028320 0.074219
14 0.545410 0.755208 0.032227 0.080729
14 0.597656 0.756510 0.027344 0.070313
14 0.654297 0.751302 0.023438 0.072917
14 0.727539 0.867839 0.033203 0.097656
14 0.731445 0.750000 0.031250 0.080729
14 0.833008 0.812500 0.113281 0.083333
14 0.838379 0.724609 0.127930 0.074219
14 0.842773 0.576823 0.105469 0.054688
14 0.685059 0.583984 0.114258 0.061198
14 0.682617 0.509115 0.119141 0.067708
14 0.831055 0.502604 0.123047 0.067708
14 0.835938 0.427083 0.138672 0.083333
14 0.684082 0.374349 0.114258 0.061198
14 0.832520 0.274089 0.118164 0.071615
14 0.694336 0.216146 0.107422 0.067708
14 0.692383 0.145182 0.105469 0.063802
14 0.686035 0.080078 0.102539 0.063802
14 0.845215 0.046875 0.155273 0.072917
14 0.828613 0.120443 0.108398 0.066406