14 0.552734 0.032552 0.060547 0.054688
14 0.544922 0.066406 0.068359 0.070313
14 0.530762 0.128906 0.067383 0.065104
14 0.525879 0.164714 0.075195 0.058594
14 0.520508 0.198568 0.072266 0.058594
14 0.511230 0.235026 0.075195 0.063802
14 0.505371 0.272786 0.083008 0.055990
14 0.489746 0.298177 0.061523 0.049479
14 0.490723 0.338542 0.069336 0.062500
14 0.466797 0.438802 0.076172 0.065104
14 0.466797 0.480469 0.082031 0.070313
14 0.489746 0.628255 0.077148 0.071615
14 0.472656 0.701823 0.074219 0.062500
14 0.459961 0.796875 0.076172 0.070313
14 0.440430 0.880859 0.076172 0.063802
0 0.147949 0.910156 0.038086 0.078125