0 0.394531 0.579427 0.039063 0.023438
0 0.879395 0.561849 0.041992 0.022135
0 0.115723 0.587891 0.045898 0.019531
0 0.074707 0.587891 0.036133 0.022135
0 0.167969 0.584635 0.042969 0.020833
2 0.250488 0.583333 0.053711 0.028646
2 0.312500 0.580729 0.054688 0.028646
0 0.440918 0.579427 0.047852 0.023438
2 0.506348 0.577474 0.055664 0.027344
2 0.560547 0.573568 0.048828 0.024740
1 0.669434 0.578125 0.086914 0.039063
2 0.784180 0.563802 0.056641 0.026042
2 0.938965 0.559896 0.049805 0.028646
0 0.838379 0.561198 0.041992 0.026042
0 0.206055 0.583333 0.042969 0.023438
0 0.358398 0.582031 0.033203 0.023438
0 0.811035 0.618490 0.047852 0.028646
0 0.881348 0.613281 0.051758 0.028646
2 0.895996 0.587240 0.061523 0.033854
0 0.042480 0.587891 0.034180 0.024740
0 0.015625 0.589193 0.033203 0.027344