0 0.917969 0.213542 0.019531 0.049479
0 0.911621 0.306641 0.020508 0.048177
0 0.903320 0.427083 0.019531 0.046875
0 0.414551 0.549479 0.041992 0.033854
0 0.615234 0.473958 0.048828 0.036458
0 0.525391 0.507161 0.048828 0.032552
2 0.450684 0.533854 0.043945 0.039063
0 0.485352 0.514974 0.037109 0.029948
0 0.373047 0.559245 0.041016 0.035156
0 0.271973 0.598958 0.043945 0.036458
0 0.230469 0.616536 0.046875 0.037760
0 0.194824 0.630208 0.041992 0.036458
0 0.572754 0.487630 0.045898 0.037760
0 0.909180 0.346354 0.027344 0.041667
0 0.903809 0.380859 0.020508 0.048177
0 0.164063 0.235677 0.029297 0.049479