2 0.837402 0.663411 0.047852 0.037760
2 0.686035 0.544922 0.049805 0.042969
2 0.808105 0.588542 0.041992 0.036458
2 0.642578 0.502604 0.044922 0.033854
0 0.081543 0.335938 0.034180 0.031250
0 0.112793 0.378255 0.038086 0.032552
0 0.041016 0.348307 0.039063 0.029948
0 0.759277 0.568359 0.051758 0.037760
2 0.285156 0.068359 0.029297 0.045573
10 0.439453 0.480469 0.041016 0.036458
0 0.903809 0.626953 0.049805 0.042969
0 0.860352 0.606771 0.048828 0.041667
0 0.802734 0.704427 0.042969 0.041667
0 0.080566 0.427734 0.026367 0.045573
2 0.069824 0.592448 0.036133 0.054688
0 0.089355 0.537109 0.038086 0.061198
2 0.616211 0.521484 0.048828 0.042969
10 0.048828 0.317057 0.039063 0.032552
10 0.670898 0.604167 0.042969 0.033854
10 0.035156 0.521484 0.033203 0.053385