2 0.686523 0.797526 0.048828 0.063802
0 0.088379 0.793620 0.024414 0.050781
0 0.168945 0.714193 0.019531 0.048177
0 0.208496 0.710286 0.018555 0.050781
0 0.226563 0.705078 0.015625 0.045573
0 0.114746 0.542969 0.040039 0.026042
0 0.227539 0.524740 0.039063 0.026042
0 0.312500 0.507813 0.039063 0.026042
0 0.410156 0.492188 0.041016 0.026042
0 0.601563 0.777344 0.044922 0.044271
0 0.659668 0.713542 0.038086 0.046875
2 0.636719 0.352214 0.050781 0.053385
0 0.489258 0.462240 0.041016 0.026042
0 0.447754 0.477865 0.036133 0.031250
0 0.373047 0.498698 0.035156 0.028646
0 0.266602 0.518880 0.046875 0.027344
0 0.153809 0.537109 0.041992 0.022135
0 0.834473 0.592448 0.036133 0.033854