0 0.235352 0.169271 0.031250 0.023438
0 0.230957 0.244141 0.034180 0.022135
0 0.230957 0.266276 0.034180 0.022135
0 0.227051 0.318359 0.041992 0.024740
0 0.226563 0.360677 0.042969 0.026042
0 0.225586 0.383464 0.037109 0.019531
0 0.225098 0.423177 0.041992 0.028646
0 0.225586 0.449219 0.037109 0.023438
0 0.219238 0.562500 0.040039 0.026042
0 0.224609 0.605469 0.042969 0.026042
0 0.213867 0.713542 0.041016 0.026042
0 0.343262 0.197266 0.018555 0.040365
0 0.343262 0.263672 0.014648 0.040365
0 0.342773 0.300130 0.017578 0.035156
0 0.342773 0.332031 0.017578 0.033854
0 0.413086 0.686198 0.021484 0.049479
0 0.424805 0.500000 0.023438 0.049479
0 0.354004 0.881510 0.026367 0.062500
2 0.740234 0.465495 0.029297 0.050781
0 0.831055 0.450521 0.021484 0.044271
0 0.609863 0.480469 0.026367 0.046875
0 0.596680 0.578125 0.023438 0.049479
0 0.651855 0.565104 0.026367 0.049479
0 0.810059 0.554688 0.028320 0.049479
0 0.906738 0.430990 0.022461 0.046875
0 0.924316 0.549479 0.028320 0.046875
0 0.469238 0.792318 0.024414 0.045573
0 0.750977 0.561198 0.025391 0.049479