0 0.053711 0.652995 0.039063 0.019531
0 0.125000 0.641276 0.042969 0.024740
0 0.201172 0.635417 0.037109 0.020833
0 0.236328 0.630859 0.042969 0.027344
0 0.273926 0.626953 0.034180 0.019531
0 0.314941 0.623047 0.038086 0.024740
0 0.360352 0.561198 0.044922 0.028646
0 0.437012 0.614583 0.040039 0.023438
0 0.477051 0.611328 0.043945 0.027344
0 0.553223 0.604167 0.036133 0.023438
0 0.663574 0.601563 0.040039 0.026042
0 0.703125 0.598307 0.037109 0.029948
0 0.784180 0.589193 0.039063 0.027344
0 0.823242 0.588542 0.031250 0.028646
0 0.856445 0.585938 0.033203 0.023438
0 0.892090 0.583984 0.036133 0.027344
0 0.930664 0.580078 0.037109 0.027344
0 0.437500 0.111328 0.023438 0.045573
0 0.322754 0.124349 0.018555 0.040365
0 0.159668 0.135417 0.018555 0.044271
0 0.069824 0.423177 0.018555 0.044271
0 0.135254 0.279297 0.018555 0.042969
0 0.518066 0.100260 0.016602 0.036458
0 0.352539 0.186849 0.019531 0.037760
0 0.302734 0.196615 0.021484 0.039063