7 0.217773 0.195313 0.048828 0.091146
7 0.052246 0.377604 0.083008 0.070313
7 0.339355 0.330078 0.071289 0.082031
7 0.415527 0.393229 0.069336 0.088542
7 0.491699 0.452474 0.069336 0.092448
7 0.566406 0.509766 0.074219 0.092448
7 0.717773 0.640625 0.082031 0.091146
7 0.802246 0.704427 0.084961 0.093750
7 0.887207 0.772786 0.094727 0.100260
0 0.771484 0.315104 0.035156 0.023438
0 0.842285 0.177734 0.032227 0.022135
0 0.739746 0.243490 0.032227 0.026042
0 0.939453 0.247396 0.035156 0.020833
0 0.903809 0.214844 0.028320 0.018229
0 0.916016 0.320313 0.033203 0.023438
0 0.915527 0.354818 0.034180 0.027344
0 0.947754 0.402995 0.030273 0.024740
0 0.935547 0.184896 0.029297 0.020833
0 0.897461 0.121094 0.033203 0.018229
0 0.930664 0.154948 0.031250 0.018229