1 0.258301 0.835286 0.069336 0.037760
1 0.329102 0.498047 0.039063 0.074219
0 0.258301 0.712240 0.040039 0.028646
0 0.255859 0.736979 0.042969 0.026042
2 0.749512 0.520833 0.026367 0.054688
0 0.789551 0.527344 0.018555 0.044271
0 0.832520 0.535807 0.024414 0.045573
2 0.853027 0.537109 0.018555 0.042969
0 0.823242 0.736328 0.021484 0.050781
0 0.982422 0.864583 0.023438 0.054688
0 0.959473 0.861328 0.022461 0.050781
0 0.925781 0.858724 0.021484 0.048177
2 0.906738 0.858073 0.022461 0.054688
0 0.859863 0.729167 0.020508 0.046875
1 0.590820 0.777344 0.025391 0.054688