1 0.401855 0.445964 0.036133 0.115885
1 0.895508 0.161458 0.097656 0.039063
0 0.691895 0.298177 0.020508 0.044271
0 0.711914 0.297526 0.019531 0.042969
0 0.734863 0.298177 0.022461 0.046875
0 0.759277 0.295573 0.018555 0.044271
0 0.781738 0.294922 0.020508 0.040365
0 0.808594 0.305339 0.025391 0.048177
0 0.832031 0.308594 0.019531 0.049479
0 0.858887 0.310547 0.024414 0.048177
0 0.882324 0.308594 0.020508 0.046875
0 0.906738 0.321615 0.022461 0.046875
0 0.929688 0.331380 0.019531 0.042969
0 0.939941 0.251953 0.022461 0.048177
0 0.961426 0.253255 0.024414 0.048177
0 0.987305 0.253906 0.025391 0.049479
0 0.687988 0.335938 0.022461 0.041667
0 0.713379 0.339844 0.020508 0.046875
0 0.737793 0.339193 0.022461 0.048177
0 0.762207 0.336589 0.018555 0.042969
0 0.785156 0.332031 0.019531 0.046875
0 0.810547 0.350260 0.021484 0.049479
0 0.861328 0.357422 0.025391 0.045573
0 0.848633 0.514323 0.027344 0.057292
0 0.904785 0.588542 0.026367 0.059896
0 0.926270 0.734375 0.024414 0.052083
0 0.980957 0.733724 0.028320 0.055990
0 0.693359 0.503906 0.025391 0.057292
0 0.742676 0.423828 0.022461 0.053385
0 0.713379 0.424479 0.024414 0.052083
0 0.842773 0.453776 0.029297 0.066406
0 0.838867 0.394531 0.021484 0.046875
0 0.787109 0.377604 0.025391 0.046875
0 0.767578 0.465495 0.023438 0.058594
0 0.899414 0.522135 0.027344 0.059896
0 0.794922 0.529948 0.023438 0.054688
0 0.822754 0.725260 0.026367 0.062500
0 0.887695 0.407552 0.025391 0.054688