2 0.344727 0.154297 0.091797 0.037760
0 0.441895 0.323568 0.020508 0.053385
0 0.436523 0.806641 0.023438 0.058594
0 0.605469 0.620443 0.021484 0.063802
0 0.630859 0.620443 0.019531 0.063802
0 0.656738 0.621745 0.020508 0.061198
0 0.729980 0.628255 0.026367 0.063802
0 0.760254 0.630208 0.022461 0.059896
0 0.787109 0.634115 0.021484 0.057292
0 0.783691 0.279297 0.022461 0.048177
0 0.748535 0.276042 0.022461 0.046875
0 0.703125 0.227865 0.027344 0.054688
0 0.626953 0.745443 0.025391 0.069010
0 0.653809 0.745443 0.026367 0.071615
0 0.680664 0.746745 0.025391 0.071615
0 0.708496 0.748698 0.026367 0.067708
0 0.734375 0.748698 0.023438 0.062500
0 0.761230 0.748698 0.024414 0.065104
0 0.220703 0.500000 0.021484 0.065104
0 0.163086 0.514323 0.021484 0.062500
0 0.586426 0.231120 0.022461 0.045573
2 0.489258 0.166667 0.058594 0.031250