8 0.349609 0.884115 0.105469 0.140625
8 0.433594 0.763672 0.093750 0.126302
8 0.516113 0.658854 0.092773 0.119792
8 0.605469 0.556641 0.097656 0.118490
8 0.684082 0.457682 0.098633 0.110677
8 0.770020 0.373047 0.104492 0.118490
8 0.845703 0.289063 0.103516 0.114583
8 0.908691 0.197917 0.090820 0.083333
8 0.227051 0.593750 0.063477 0.080729
8 0.282227 0.534505 0.058594 0.069010
8 0.383301 0.421224 0.057617 0.061198
8 0.479980 0.312500 0.055664 0.059896
8 0.530762 0.266276 0.045898 0.058594
8 0.575195 0.216146 0.050781 0.057292