8 0.024902 0.690755 0.049805 0.082031
8 0.140137 0.561849 0.055664 0.069010
8 0.200684 0.509115 0.053711 0.065104
8 0.253906 0.454427 0.056641 0.065104
8 0.302246 0.401693 0.061523 0.061198
8 0.358398 0.337891 0.068359 0.069010
8 0.420898 0.277344 0.056641 0.065104
8 0.478516 0.214193 0.062500 0.071615
8 0.769531 0.240234 0.093750 0.102865
8 0.698242 0.341146 0.105469 0.114583
8 0.618164 0.430990 0.099609 0.109375
8 0.538086 0.535156 0.107422 0.127604
8 0.450684 0.634766 0.106445 0.131510
8 0.350098 0.733724 0.102539 0.128906
8 0.251465 0.846354 0.098633 0.138021