8 0.034180 0.671224 0.066406 0.071615
8 0.105957 0.585286 0.067383 0.089844
8 0.175293 0.511068 0.073242 0.084635
8 0.246094 0.441406 0.068359 0.078125
8 0.306641 0.369141 0.062500 0.079427
8 0.364258 0.293620 0.066406 0.082031
8 0.425781 0.236328 0.056641 0.063802
8 0.199707 0.925781 0.118164 0.148438
8 0.407227 0.665365 0.099609 0.130208
8 0.508789 0.522786 0.097656 0.110677
8 0.577148 0.438802 0.095703 0.111979
8 0.675293 0.470703 0.073242 0.102865
8 0.664551 0.330078 0.102539 0.110677
8 0.747070 0.228516 0.103516 0.102865
8 0.889160 0.206380 0.057617 0.074219
8 0.808594 0.290365 0.072266 0.072917
8 0.749512 0.376302 0.079102 0.080729
8 0.930176 0.582682 0.065430 0.071615
8 0.957031 0.524089 0.056641 0.061198