8 0.065430 0.574870 0.072266 0.079427
8 0.129883 0.489583 0.072266 0.088542
8 0.203125 0.422526 0.058594 0.074219
8 0.260254 0.347656 0.063477 0.080729
8 0.388672 0.220703 0.050781 0.063802
8 0.150391 0.905599 0.107422 0.139323
8 0.271484 0.743490 0.099609 0.125000
8 0.350586 0.647786 0.101563 0.123698
8 0.452637 0.529948 0.100586 0.122396
8 0.546387 0.416667 0.098633 0.117188
8 0.626953 0.316406 0.103516 0.111979
8 0.700684 0.212240 0.084961 0.093750
8 0.824707 0.216797 0.077148 0.084635
8 0.695801 0.389323 0.061523 0.070313
8 0.450195 0.686198 0.082031 0.101563
8 0.951172 0.499349 0.082031 0.100260
8 0.837891 0.634766 0.066406 0.076823