3 0.469727 0.262370 0.095703 0.032552
3 0.456055 0.292318 0.093750 0.035156
3 0.371094 0.438802 0.099609 0.033854
3 0.369141 0.467448 0.103516 0.033854
3 0.259277 0.355469 0.069336 0.101563
3 0.100586 0.774740 0.091797 0.153646
3 0.573242 0.843750 0.119141 0.049479
3 0.665039 0.617839 0.111328 0.045573
3 0.690918 0.555339 0.110352 0.040365
3 0.715820 0.516276 0.109375 0.042969
3 0.736816 0.423177 0.106445 0.039063
3 0.790527 0.277995 0.100586 0.037760
3 0.285645 0.731120 0.112305 0.040365
3 0.663574 0.897135 0.069336 0.153646