0 0.025391 0.438802 0.035156 0.080729
0 0.060547 0.438151 0.033203 0.074219
0 0.096191 0.436849 0.036133 0.076823
0 0.097168 0.371094 0.038086 0.072917
0 0.205078 0.371745 0.033203 0.082031
0 0.331055 0.425781 0.033203 0.083333
0 0.393066 0.421875 0.034180 0.085938
0 0.420898 0.350911 0.035156 0.069010
0 0.427246 0.425781 0.034180 0.078125
0 0.484375 0.345703 0.035156 0.076823
0 0.453125 0.350911 0.027344 0.071615
0 0.658203 0.404297 0.035156 0.071615
0 0.592773 0.406250 0.039063 0.072917
0 0.713867 0.326823 0.037109 0.070313
0 0.831055 0.302083 0.039063 0.070313
0 0.570313 0.585286 0.046875 0.087240
0 0.644043 0.575521 0.045898 0.088542
0 0.464844 0.592448 0.039063 0.088542
0 0.685059 0.571615 0.036133 0.085938
0 0.754883 0.563802 0.039063 0.080729
0 0.776367 0.322266 0.037109 0.071615