3 0.336426 0.192708 0.135742 0.033854
3 0.334961 0.229167 0.136719 0.039063
1 0.346191 0.264323 0.090820 0.028646
1 0.334961 0.341797 0.095703 0.035156
3 0.327637 0.388672 0.147461 0.037760
1 0.334961 0.434245 0.089844 0.037760
1 0.320801 0.474609 0.110352 0.042969
1 0.317383 0.567057 0.115234 0.042969
1 0.315918 0.613281 0.104492 0.041667
1 0.307617 0.664714 0.117188 0.042969
1 0.329102 0.715495 0.070313 0.037760
3 0.316895 0.768880 0.163086 0.050781
1 0.295898 0.824219 0.125000 0.046875
1 0.531250 0.380859 0.101563 0.042969
1 0.540527 0.418620 0.106445 0.032552
1 0.543457 0.462891 0.102539 0.040365
1 0.538086 0.505208 0.095703 0.039063
1 0.539551 0.551432 0.110352 0.045573
1 0.545410 0.600911 0.100586 0.042969
3 0.538574 0.647786 0.122070 0.040365
1 0.548828 0.699219 0.103516 0.041667
1 0.542969 0.751953 0.115234 0.045573
1 0.548340 0.921875 0.122070 0.054688
1 0.520508 0.068359 0.039063 0.095052
3 0.346191 0.031901 0.131836 0.035156
3 0.342773 0.092448 0.132813 0.033854
3 0.340820 0.125651 0.136719 0.029948
1 0.348145 0.057943 0.100586 0.024740
0 0.922363 0.854818 0.047852 0.032552
0 0.931152 0.915365 0.045898 0.036458