14 0.044434 0.589844 0.055664 0.031250
14 0.240723 0.465495 0.053711 0.027344
14 0.241699 0.526042 0.065430 0.028646
14 0.054199 0.731120 0.079102 0.037760
14 0.248047 0.632161 0.056641 0.037760
14 0.243652 0.707031 0.057617 0.044271
14 0.045898 0.797526 0.078125 0.029948
14 0.252441 0.794922 0.063477 0.035156
14 0.253418 0.837891 0.067383 0.037760
14 0.242676 0.930990 0.028320 0.078125
14 0.300293 0.941406 0.032227 0.117188
14 0.367188 0.913411 0.042969 0.108073
14 0.605469 0.793620 0.037109 0.123698
14 0.720215 0.774740 0.043945 0.125000
14 0.943359 0.736328 0.048828 0.121094
14 0.578125 0.543620 0.035156 0.069010
14 0.338379 0.448568 0.061523 0.032552
14 0.345215 0.537109 0.063477 0.027344
14 0.516602 0.468750 0.025391 0.054688
14 0.739746 0.419922 0.032227 0.066406
14 0.682129 0.523438 0.028320 0.070313
14 0.843750 0.406250 0.033203 0.062500
14 0.370117 0.811849 0.072266 0.037760
14 0.550781 0.676432 0.031250 0.084635
14 0.827148 0.630859 0.029297 0.074219
14 0.915527 0.391276 0.028320 0.069010
14 0.520996 0.550781 0.028320 0.070313
14 0.664551 0.653646 0.034180 0.070313
14 0.777832 0.763021 0.043945 0.122396
4 0.164063 0.240885 0.080078 0.059896