14 0.960449 0.399089 0.079102 0.212240
14 0.910645 0.388672 0.084961 0.209635
14 0.841797 0.410156 0.078125 0.223958
14 0.784668 0.439453 0.096680 0.256510
14 0.848633 0.723958 0.101563 0.283854
14 0.755371 0.701172 0.098633 0.308594
14 0.686523 0.701172 0.087891 0.282552
14 0.628906 0.675781 0.072266 0.223958
14 0.554688 0.547526 0.029297 0.074219
14 0.534668 0.447266 0.043945 0.136719
14 0.439941 0.510417 0.034180 0.091146
14 0.392578 0.513672 0.031250 0.092448
14 0.350586 0.520833 0.031250 0.093750
14 0.328613 0.533203 0.026367 0.079427
14 0.304688 0.530599 0.031250 0.089844
14 0.282227 0.537109 0.027344 0.089844
14 0.260742 0.544271 0.025391 0.083333
14 0.241699 0.549479 0.024414 0.075521
14 0.217773 0.548177 0.031250 0.088542
14 0.195313 0.548828 0.027344 0.089844
14 0.173828 0.564453 0.027344 0.074219
14 0.095215 0.574870 0.030273 0.087240
14 0.071289 0.589193 0.023438 0.069010
14 0.052734 0.593099 0.021484 0.074219
14 0.169922 0.682292 0.031250 0.109375
14 0.033691 0.593750 0.024414 0.085938
14 0.197266 0.660807 0.031250 0.082031
14 0.274414 0.659505 0.027344 0.108073
14 0.301270 0.649089 0.026367 0.097656
14 0.328613 0.641927 0.026367 0.091146
14 0.354004 0.632161 0.024414 0.076823
14 0.084473 0.674479 0.024414 0.062500
14 0.046387 0.680339 0.022461 0.061198
14 0.595215 0.960286 0.036133 0.079427
14 0.559570 0.960938 0.029297 0.078125
14 0.576660 0.833984 0.040039 0.118490
14 0.548340 0.835286 0.034180 0.121094
14 0.522949 0.843099 0.034180 0.118490
14 0.493164 0.850260 0.031250 0.114583
14 0.468262 0.858073 0.030273 0.106771
14 0.444824 0.868490 0.032227 0.109375
14 0.417480 0.871745 0.030273 0.115885
14 0.385742 0.869141 0.035156 0.131510
14 0.359863 0.877604 0.032227 0.130208
14 0.330566 0.878255 0.026367 0.126302
14 0.088867 0.824219 0.023438 0.080729
14 0.068359 0.830078 0.023438 0.076823
14 0.048340 0.835938 0.022461 0.070313
14 0.024414 0.835938 0.025391 0.083333
14 0.059570 0.950521 0.033203 0.098958