14 0.603516 0.121745 0.041016 0.139323
14 0.627441 0.925130 0.293945 0.102865
14 0.598633 0.764974 0.296875 0.128906
14 0.581055 0.637370 0.281250 0.139323
14 0.605469 0.552734 0.197266 0.095052
14 0.600586 0.501953 0.179688 0.089844
14 0.602539 0.445313 0.173828 0.083333
14 0.608398 0.392578 0.138672 0.063802
14 0.615234 0.347656 0.113281 0.054688
14 0.066895 0.431641 0.043945 0.186198
14 0.116699 0.453776 0.047852 0.240885
14 0.179688 0.454427 0.054688 0.268229
14 0.258301 0.472656 0.057617 0.247396
14 0.565430 0.087891 0.027344 0.061198
14 0.522949 0.136719 0.045898 0.122396
14 0.482910 0.162760 0.047852 0.132813
14 0.421387 0.193359 0.057617 0.183594
14 0.371582 0.187500 0.051758 0.179688
14 0.306152 0.207031 0.049805 0.192708
14 0.250977 0.231120 0.060547 0.222656
14 0.016113 0.233724 0.028320 0.115885
14 0.016602 0.317057 0.023438 0.063802
2 0.816406 0.413411 0.035156 0.058594
2 0.846191 0.557292 0.040039 0.023438