14 0.327148 0.031250 0.150391 0.059896
14 0.336426 0.066406 0.149414 0.059896
14 0.303711 0.128906 0.236328 0.098958
14 0.305176 0.209635 0.241211 0.085938
14 0.322266 0.318359 0.253906 0.076823
14 0.336914 0.372396 0.230469 0.075521
14 0.332520 0.505859 0.264648 0.108073
14 0.346191 0.572917 0.264648 0.114583
14 0.363770 0.631510 0.213867 0.091146
14 0.361328 0.695313 0.253906 0.106771
14 0.340820 0.779948 0.318359 0.119792
14 0.372070 0.846354 0.277344 0.109375
14 0.402832 0.913411 0.233398 0.102865
1 0.549316 0.530599 0.028320 0.066406