14 0.134277 0.045573 0.034180 0.091146
14 0.104980 0.053385 0.028320 0.085938
14 0.079590 0.059245 0.026367 0.089844
14 0.683105 0.068359 0.088867 0.040365
14 0.586914 0.088542 0.083984 0.033854
14 0.604980 0.164714 0.077148 0.040365
14 0.704590 0.156250 0.098633 0.041667
14 0.721191 0.223307 0.102539 0.040365
14 0.751465 0.291016 0.118164 0.045573
14 0.759766 0.397135 0.101563 0.044271
14 0.623047 0.240885 0.072266 0.036458
14 0.627441 0.308594 0.096680 0.033854
14 0.636719 0.371094 0.097656 0.046875
14 0.770508 0.442057 0.105469 0.040365
14 0.658691 0.470052 0.084961 0.046875
14 0.800781 0.513021 0.125000 0.054688
14 0.796875 0.561198 0.103516 0.039063
14 0.819336 0.634766 0.105469 0.050781
14 0.825195 0.685547 0.107422 0.045573
14 0.671875 0.544922 0.099609 0.037760
14 0.687500 0.625000 0.115234 0.046875
14 0.719727 0.734375 0.093750 0.044271
14 0.723633 0.772786 0.097656 0.045573
14 0.411621 0.161458 0.077148 0.044271
14 0.429688 0.253255 0.093750 0.042969
14 0.431641 0.364583 0.080078 0.036458
14 0.445801 0.451823 0.090820 0.044271
14 0.460449 0.544922 0.098633 0.040365
14 0.472168 0.601563 0.104492 0.044271
14 0.484375 0.713542 0.103516 0.041667
14 0.313477 0.126302 0.083984 0.041667
14 0.326660 0.221354 0.079102 0.033854
14 0.329102 0.272786 0.080078 0.035156
14 0.335449 0.324219 0.079102 0.036458
14 0.337402 0.380208 0.079102 0.036458
14 0.341797 0.467448 0.087891 0.041667
14 0.346680 0.554688 0.089844 0.049479
14 0.349609 0.591797 0.101563 0.040365
14 0.349121 0.628906 0.106445 0.039063
14 0.359375 0.691406 0.085938 0.046875
14 0.356445 0.727214 0.091797 0.045573
14 0.364258 0.770182 0.101563 0.040365
14 0.367188 0.846354 0.101563 0.046875
14 0.645508 0.408854 0.097656 0.044271
14 0.859863 0.718099 0.122070 0.074219
14 0.474121 0.745443 0.084961 0.035156
14 0.480469 0.783203 0.089844 0.032552
14 0.474121 0.820964 0.079102 0.042969
14 0.070313 0.145182 0.068359 0.027344
14 0.080566 0.195313 0.065430 0.031250
14 0.065918 0.396484 0.065430 0.045573
14 0.064941 0.443359 0.079102 0.035156
14 0.059082 0.470703 0.079102 0.035156
14 0.161621 0.467448 0.079102 0.041667
14 0.062012 0.526042 0.081055 0.039063
14 0.061523 0.578776 0.080078 0.035156
14 0.053223 0.685547 0.081055 0.037760
14 0.164551 0.688802 0.090820 0.044271
14 0.160156 0.843750 0.091797 0.044271
14 0.048828 0.852865 0.087891 0.044271
14 0.164551 0.520833 0.088867 0.049479
14 0.047852 0.916016 0.080078 0.045573
14 0.189453 0.041016 0.031250 0.082031