3 0.164063 0.723307 0.130859 0.048177
3 0.588867 0.778646 0.128906 0.039063
2 0.226074 0.799479 0.020508 0.080729
2 0.247070 0.800130 0.015625 0.087240
2 0.269531 0.794922 0.023438 0.087240
14 0.704590 0.255859 0.049805 0.334635
14 0.798828 0.324219 0.052734 0.289063
14 0.462402 0.100911 0.034180 0.144531
14 0.492188 0.309245 0.042969 0.279948
14 0.538574 0.328125 0.049805 0.250000
14 0.581055 0.344401 0.037109 0.220052
14 0.610352 0.361979 0.033203 0.190104
14 0.646973 0.324870 0.047852 0.251302
14 0.451660 0.309245 0.034180 0.259115
14 0.389160 0.330729 0.034180 0.174479
14 0.295410 0.347005 0.036133 0.199219
14 0.197266 0.354818 0.031250 0.165365
0 0.562500 0.649740 0.021484 0.059896
2 0.631836 0.654297 0.023438 0.050781
0 0.143066 0.796875 0.020508 0.065104