13 0.751953 0.068359 0.103516 0.066406
13 0.663086 0.162109 0.111328 0.069010
7 0.518555 0.111979 0.066406 0.065104
7 0.876953 0.324870 0.070313 0.074219
7 0.726563 0.514323 0.080078 0.098958
7 0.623535 0.629557 0.083008 0.097656
7 0.493652 0.836589 0.083008 0.102865
7 0.395996 0.940755 0.086914 0.113281
7 0.437988 0.283854 0.083008 0.083333
7 0.492676 0.370443 0.073242 0.087240
7 0.251465 0.417969 0.071289 0.080729
7 0.169922 0.494792 0.076172 0.078125
7 0.107422 0.544271 0.076172 0.091146
7 0.149902 0.630859 0.071289 0.076823
7 0.202148 0.699870 0.076172 0.092448
7 0.248047 0.796875 0.080078 0.098958