7 0.251465 0.454427 0.073242 0.075521
7 0.252441 0.529297 0.063477 0.074219
7 0.314453 0.523438 0.060547 0.088542
7 0.453125 0.255859 0.058594 0.074219
7 0.504883 0.209635 0.058594 0.062500
7 0.566895 0.145833 0.057617 0.072917
7 0.725098 0.035807 0.071289 0.071615
7 0.787109 0.108724 0.070313 0.076823
7 0.930176 0.313151 0.065430 0.082031
7 0.830566 0.485677 0.067383 0.088542
7 0.750000 0.572266 0.068359 0.084635
7 0.673828 0.673177 0.072266 0.083333
7 0.048828 0.760417 0.097656 0.104167
7 0.136719 0.844401 0.095703 0.115885
7 0.488770 0.913411 0.086914 0.108073
7 0.495117 0.324219 0.056641 0.059896
7 0.545410 0.380208 0.061523 0.075521
7 0.601563 0.455729 0.068359 0.072917
7 0.366211 0.610677 0.072266 0.101563