8 0.315918 0.149089 0.092773 0.123698
8 0.054199 0.546224 0.108398 0.141927
8 0.189453 0.520182 0.121094 0.152344
8 0.334473 0.507813 0.116211 0.132813
7 0.717285 0.591797 0.081055 0.097656
7 0.765625 0.513021 0.074219 0.080729
7 0.842285 0.444010 0.073242 0.085938
7 0.964844 0.188802 0.060547 0.067708
0 0.693848 0.080078 0.032227 0.016927
0 0.697754 0.098307 0.032227 0.016927
7 0.939453 0.514323 0.087891 0.101563
7 0.923828 0.672526 0.085938 0.131510
7 0.920898 0.822266 0.080078 0.134115
7 0.874023 0.946615 0.080078 0.106771
7 0.971680 0.253906 0.056641 0.062500