1 0.059082 0.328125 0.059570 0.028646
4 0.214844 0.387370 0.076172 0.029948
1 0.773438 0.355469 0.085938 0.026042
0 0.582520 0.352214 0.041992 0.024740
1 0.712891 0.334635 0.050781 0.026042
0 0.836914 0.326823 0.037109 0.026042
0 0.903809 0.330729 0.038086 0.031250
0 0.939941 0.621745 0.022461 0.050781
0 0.922363 0.679036 0.022461 0.053385
0 0.928711 0.732422 0.021484 0.048177
0 0.932617 0.794271 0.025391 0.046875
0 0.946777 0.679036 0.020508 0.048177
0 0.958984 0.576823 0.021484 0.044271
0 0.962402 0.622396 0.020508 0.046875