4 0.495117 0.076172 0.044922 0.100260
4 0.328125 0.478516 0.064453 0.167969
4 0.584473 0.392578 0.075195 0.139323
4 0.613770 0.545573 0.061523 0.145833
2 0.762695 0.826172 0.082031 0.061198
0 0.406738 0.177083 0.045898 0.031250
0 0.479980 0.431641 0.051758 0.027344
0 0.391602 0.606120 0.054688 0.029948
0 0.235840 0.490885 0.026367 0.059896
0 0.233398 0.370443 0.023438 0.053385
0 0.230469 0.290365 0.021484 0.049479
0 0.236816 0.550130 0.028320 0.061198
0 0.232910 0.414063 0.026367 0.049479
0 0.236816 0.615885 0.026367 0.067708
0 0.236816 0.681641 0.026367 0.063802
0 0.238770 0.747396 0.026367 0.067708
0 0.239258 0.822266 0.031250 0.069010
0 0.236816 0.895833 0.028320 0.075521
0 0.395020 0.636719 0.057617 0.028646
0 0.536621 0.777344 0.057617 0.033854
0 0.540527 0.813151 0.061523 0.035156
0 0.894531 0.866536 0.052734 0.045573