0 0.255859 0.313151 0.046875 0.050781
0 0.189453 0.307943 0.046875 0.040365
0 0.207031 0.455078 0.044922 0.050781
0 0.273438 0.425130 0.039063 0.053385
0 0.388184 0.494141 0.045898 0.055990
0 0.574707 0.725911 0.057617 0.069010
0 0.612793 0.645182 0.055664 0.061198
0 0.661621 0.699219 0.053711 0.062500
0 0.638672 0.737630 0.050781 0.055990
0 0.739258 0.832682 0.060547 0.074219
0 0.665039 0.819010 0.062500 0.070313
0 0.584961 0.800130 0.060547 0.074219
0 0.676758 0.893229 0.064453 0.067708
0 0.777344 0.924479 0.072266 0.078125
0 0.899902 0.919922 0.073242 0.079427