4 0.095215 0.063151 0.020508 0.063802
4 0.177734 0.058594 0.021484 0.057292
4 0.153320 0.054036 0.027344 0.066406
12 0.192871 0.110026 0.032227 0.029948
12 0.228516 0.103516 0.037109 0.029948
12 0.270508 0.321615 0.041016 0.031250
12 0.196289 0.619141 0.042969 0.032552
12 0.777832 0.091146 0.040039 0.023438
12 0.769043 0.223307 0.026367 0.045573
12 0.819824 0.294922 0.026367 0.042969
12 0.779785 0.403646 0.040039 0.031250
12 0.782715 0.442708 0.041992 0.028646
12 0.859863 0.507813 0.038086 0.052083
5 0.873535 0.166667 0.163086 0.158854
5 0.088867 0.622396 0.166016 0.216146