14 0.077148 0.671875 0.099609 0.132813
14 0.705566 0.552083 0.108398 0.122396
14 0.406738 0.444661 0.071289 0.082031
14 0.583008 0.677734 0.074219 0.084635
14 0.537109 0.555339 0.064453 0.071615
14 0.340820 0.515625 0.074219 0.111979
14 0.311523 0.574219 0.074219 0.091146
14 0.383789 0.666667 0.070313 0.062500
14 0.476074 0.380208 0.063477 0.078125
14 0.640625 0.409505 0.060547 0.071615
1 0.785645 0.205078 0.040039 0.037760
1 0.777832 0.167318 0.038086 0.037760
14 0.539063 0.300130 0.062500 0.069010
1 0.325684 0.737630 0.053711 0.048177