14 0.338867 0.477865 0.271484 0.101563
14 0.369629 0.557292 0.217773 0.080729
14 0.389648 0.636068 0.119141 0.055990
14 0.389648 0.680339 0.101563 0.048177
14 0.379395 0.723958 0.116211 0.054688
14 0.374023 0.776042 0.123047 0.052083
14 0.371582 0.828125 0.116211 0.052083
14 0.120605 0.375000 0.049805 0.041667
14 0.170898 0.858073 0.056641 0.200521
2 0.846191 0.409505 0.041992 0.029948
2 0.798340 0.569661 0.018555 0.045573
2 0.799316 0.702474 0.020508 0.050781
2 0.800293 0.858073 0.022461 0.059896
2 0.801758 0.922526 0.023438 0.061198