14 0.405762 0.335286 0.368164 0.126302
14 0.328613 0.500000 0.026367 0.070313
14 0.494629 0.698568 0.032227 0.084635
14 0.632324 0.170573 0.034180 0.093750
14 0.841309 0.293620 0.290039 0.102865
14 0.905762 0.065104 0.096680 0.036458
14 0.905273 0.035807 0.095703 0.035156
14 0.762695 0.119792 0.033203 0.117188
14 0.698730 0.109375 0.034180 0.111979
14 0.856445 0.135417 0.029297 0.106771
14 0.904297 0.156250 0.027344 0.088542
14 0.710938 0.198568 0.072266 0.035156
14 0.803711 0.219401 0.089844 0.045573
14 0.892578 0.227865 0.080078 0.036458