1 0.515137 0.441406 0.034180 0.062500
0 0.202148 0.924479 0.056641 0.031250
0 0.430176 0.949219 0.043945 0.059896
0 0.448242 0.830729 0.044922 0.057292
0 0.483398 0.522135 0.035156 0.044271
1 0.646484 0.305339 0.041016 0.058594
0 0.525391 0.630859 0.035156 0.055990
0 0.565918 0.314453 0.030273 0.040365
0 0.669922 0.742188 0.039063 0.039063
0 0.047852 0.576823 0.031250 0.041667
2 0.041016 0.466797 0.031250 0.042969
2 0.047852 0.429688 0.033203 0.039063
0 0.573242 0.508464 0.027344 0.048177
0 0.604004 0.249349 0.024414 0.042969