2 0.526855 0.807943 0.045898 0.032552
0 0.273438 0.635417 0.044922 0.028646
0 0.065918 0.425130 0.024414 0.040365
0 0.076172 0.501953 0.023438 0.045573
0 0.083984 0.582031 0.021484 0.041667
0 0.075195 0.291667 0.023438 0.049479
0 0.093750 0.656901 0.023438 0.048177
0 0.149902 0.612630 0.024414 0.045573
0 0.119629 0.404297 0.020508 0.037760
0 0.129395 0.479167 0.020508 0.041667
0 0.141113 0.567057 0.020508 0.045573
0 0.270508 0.596354 0.037109 0.026042
0 0.430176 0.873698 0.038086 0.033854
0 0.435547 0.913411 0.042969 0.029948
0 0.103027 0.742188 0.024414 0.054688
0 0.163086 0.714193 0.025391 0.053385
0 0.591797 0.613281 0.046875 0.036458