0 0.140137 0.695964 0.026367 0.048177
0 0.141113 0.850260 0.024414 0.052083
0 0.149414 0.912760 0.023438 0.054688
0 0.158203 0.964844 0.027344 0.046875
0 0.318848 0.766276 0.038086 0.032552
0 0.200195 0.591797 0.023438 0.050781
0 0.249023 0.618490 0.044922 0.028646
0 0.375488 0.257813 0.024414 0.041667
0 0.187988 0.520182 0.024414 0.048177
0 0.292480 0.513672 0.026367 0.042969
0 0.339355 0.554688 0.043945 0.031250
0 0.374512 0.632161 0.026367 0.050781
1 0.656250 0.169922 0.031250 0.042969
0 0.258789 0.527344 0.031250 0.044271