0 0.698730 0.054688 0.053711 0.057292
0 0.747070 0.109375 0.050781 0.070313
0 0.679199 0.238281 0.065430 0.039063
0 0.183594 0.153646 0.046875 0.052083
0 0.152832 0.171224 0.043945 0.058594
0 0.123535 0.194661 0.043945 0.055990
0 0.078125 0.223958 0.044922 0.057292
0 0.042480 0.236979 0.049805 0.057292
0 0.477539 0.507813 0.070313 0.057292
0 0.424805 0.550781 0.076172 0.059896
0 0.361328 0.595703 0.076172 0.071615
0 0.291992 0.643229 0.070313 0.065104
0 0.065430 0.093099 0.039063 0.053385
0 0.091797 0.076172 0.041016 0.063802
0 0.120117 0.056641 0.041016 0.055990
0 0.146973 0.037760 0.043945 0.054688