2 0.194336 0.423177 0.058594 0.080729
2 0.131836 0.413411 0.058594 0.053385
0 0.021973 0.367188 0.043945 0.049479
10 0.038574 0.555990 0.059570 0.054688
0 0.203125 0.566406 0.060547 0.057292
0 0.276855 0.474609 0.063477 0.055990
0 0.332031 0.500000 0.052734 0.057292
0 0.387207 0.522135 0.057617 0.052083
1 0.451172 0.550781 0.091797 0.075521
0 0.577148 0.684896 0.070313 0.065104
0 0.675293 0.645833 0.075195 0.065104
0 0.749023 0.672526 0.064453 0.061198
0 0.817383 0.699219 0.066406 0.062500
10 0.823242 0.842448 0.087891 0.078125
10 0.912109 0.804688 0.074219 0.067708
2 0.967285 0.759766 0.065430 0.066406