2 0.373047 0.219401 0.037109 0.053385
2 0.806641 0.314453 0.044922 0.055990
0 0.626465 0.067708 0.036133 0.049479
0 0.618652 0.356771 0.036133 0.023438
0 0.658691 0.352214 0.032227 0.027344
1 0.751953 0.848958 0.048828 0.062500
10 0.383789 0.315104 0.029297 0.044271
10 0.365234 0.713542 0.029297 0.054688
0 0.381348 0.823568 0.020508 0.053385
0 0.401855 0.949219 0.024414 0.054688
0 0.602539 0.555339 0.027344 0.045573
0 0.763184 0.442057 0.040039 0.029948
0 0.636230 0.463542 0.034180 0.026042
0 0.724121 0.450521 0.036133 0.026042