0 0.055176 0.371094 0.049805 0.031250
0 0.137695 0.367188 0.042969 0.031250
0 0.098633 0.373698 0.039063 0.033854
0 0.229980 0.367839 0.043945 0.029948
0 0.272461 0.367839 0.041016 0.029948
0 0.317383 0.367188 0.041016 0.031250
0 0.351074 0.366536 0.040039 0.029948
0 0.375488 0.388021 0.038086 0.031250
0 0.443359 0.369792 0.050781 0.033854
0 0.498047 0.365885 0.042969 0.031250
0 0.538086 0.363932 0.041016 0.027344
0 0.752930 0.361328 0.044922 0.032552
0 0.596680 0.522786 0.021484 0.058594
0 0.830566 0.480469 0.024414 0.054688
10 0.878418 0.478516 0.030273 0.055990
0 0.475586 0.522135 0.025391 0.062500
0 0.295898 0.531901 0.025391 0.061198
0 0.265137 0.527995 0.024414 0.050781
0 0.158691 0.531901 0.024414 0.061198