4 0.078125 0.395182 0.054688 0.105469
4 0.267090 0.227214 0.055664 0.108073
4 0.316406 0.241536 0.048828 0.102865
4 0.338379 0.253255 0.047852 0.115885
4 0.362305 0.261719 0.050781 0.122396
4 0.380859 0.274740 0.066406 0.117188
4 0.395996 0.300130 0.061523 0.115885
4 0.421387 0.294271 0.063477 0.117188
4 0.305176 0.363932 0.065430 0.113281
2 0.401367 0.390625 0.033203 0.054688
4 0.139648 0.413411 0.056641 0.113281
4 0.106445 0.402344 0.056641 0.109375
6 0.207031 0.484375 0.154297 0.195313
4 0.413086 0.576172 0.062500 0.108073
11 0.538574 0.375000 0.032227 0.072917
11 0.562500 0.388672 0.027344 0.066406
4 0.522461 0.494792 0.058594 0.114583
4 0.450684 0.479818 0.061523 0.105469
4 0.464844 0.526042 0.070313 0.125000